3750
2045
282
-1492
-3257
-4996
-6740
-8440
-10145
-11831
-13491
-15108
-16698
-18225
-19721
-21165
-22544
-23888
-25223
-26367
-27590
-28693
-29712
-30661
-31536
-32341
-32768
-32768
-32768
-32768
-32768
-32768
-32768
-32768
-32768
-32768
-32768
-32768
-32768
-32768
-32768
-32768
-32768
-32663
-31878
-31039
-30110
-29133
-28026
-26912
-25701
-24464
-23152
-21758
-20299
-18877
-17344
-15765
-14179
-12519
-10888
-9190
-7477
-5731
-4005
-2255
-513
1208
3010
4747
6453
8198
9897
11584
13222
14825
16436
17930
19447
20883
22288
23639
24931
26152
27279
28391
29406
30380
31243
32069
32767
32767
32767
32767
32767
32767
32767
32767
32767
32767
32767
32767
32767
32767
32767
32767
32767
32473
31713
30872
29927
28917
27870
26727
25527
24277
22964
21570
20140
18679
17120
15568
13980
12324
10675
8975
7258
5510
3790
2039
273
-1470
-3261
-4989
-6719
-8444
-10131
-11832
-13455
-15114
-16677
-18231
-19713
-21165
-22547
-23854
-25175
-26414
-27597
-28703
-29727
-30666
-31571
-32364
-32768
-32768
-32768
-32768
-32768
-32768
-32768
-32768
-32768
-32768
-32768
-32768
-32768
-32768
-32768
-32768
-32768
-32673
-31868
-31024
-30102
-29118
-28021
-26918
-25749
-24439
-23099
-21730
-20309
-18859
-17328
-15751
-14145
-12543
-10866
-9182
-7465
-5713
-4035
-2257
-523
1234
3022
4755
6478
8181
9894
11561
13227
14834
16418
17948
19434
20886
22249
23621
24885
26130
27270
28382
29400
30374
31272
32073
32767
32767
32767
32767
32767
32767
32767
32767
32767
32767
32767
32767
32767
32767
32767
32767
32767
32453
31658
30828
29910
28936
27877
26743
25529
24251
22958
21569
20123
18666
17116
15557
13978
12319
10684
8974
7290
5543
3762
2046
293
-1465
-3244
-4969
-6725
-8429
-10145
-11869
-13457
-15119
-16679
-18188
-19745
-21173
-22555
-23875
-25188
-26421
-27577
-28688
-29736
-30653
-31516
-32344
-32768
-32768
-32768
-32768
-32768
-32768
-32768
-32768
-32768
-32768
-32768
-32768
-32768
-32768
-32768
-32768
-32768
-32677
-31896
-31011
-30094
-29104
-28018
-26892
-25753
-24441
-23118
-21760
-20325
-18844
-17312
-15748
-14192
-12536
-10890
-9200
-7477
-5732
-4042
-2272
-516
1222
3009
4729
6488
8184
9895
11581
13220
14820
16406
17920
19428
20902
22256
23618
24920
26153
27302
28403
29398
30351
31237
32082
32767
32767
32767
32767
32767
32767
32767
32767
32767
32767
32767
32767
32767
32767
32767
32767
32767
32464
31677
30863
29917
28932
27863
26732
25561
24295
22978
21547
20140
18640
17120
15561
13969
12361
10646
8955
7280
5530
3772
2036
286
-1466
-3245
-4985
-6714
-8430
-10187
-11841
-13451
-15091
-16668
-18220
-19679
-21145
-22555
-23889
-25168
-26396
-27587
-28690
-29698
-30677
-31581
-32346
-32768
-32768
-32768
-32768
-32768
-32768
-32768
-32768
-32768
-32768
-32768
-32768
-32768
-32768
-32768
-32768
-32768
-32664
-31863
-30989
-30096
-29135
-28035
-26925
-25733
-24424
-23115
-21717
-20295
-18877
-17354
-15788
-14170
-12552
-10894
-9180
-7467
-5740
-4020
-2265
-514
1202
2994
4749
6457
8184
9890
11582
13224
14805
16430
17959
19425
20901
22271
23610
24924
26132
27306
28381
29436
30376
31264
32050
32767
32767
32767
32767
32767
32767
32767
32767
32767
32767
32767
32767
32767
32767
32767
32767
32767
32458
31684
30851
29968
28957
27851
26732
25553
24287
22979
21573
20132
18651
17149
15589
13962
12345
10672
8987
7265
5539
3792
2015
264
-1493
-3249
-4940
-6738
-8451
-10155
-11841
-13457
-15099
-16708
-18203
-19723
-21177
-22558
-23890
-25209
-26395
-27587
-28681
-29726
-30683
-31548
-32380
-32768
-32768
-32768
-32768
-32768
-32768
-32768
-32768
-32768
-32768
-32768
-32768
-32768
-32768
-32768
-32768
-32768
-32645
-31876
-31033
-30102
-29129
-28019
-26919
-25696
-24418
-23115
-21755
-20308
-18839
-17326
-15768
-14146
-12531
-10886
-9205
-7506
-5705
-3993
-2243
-512
1264
2988
4755
6468
8184
9920
11573
13215
14829
16393
17956
19417
20895
22267
23627
24926
26147
27292
28384
29426
30386
31244
32071
32767
32767
32767
32767
32767
32767
32767
32767
32767
32767
32767
32767
32767
32767
32767
32767
32767
32491
31689
30870
29944
28927
27883
26726
25567
24272
22952
21536
20132
18656
17131
15567
13960
12341
10649
8971
7251
5522
3801
2050
286
-1493
-3241
-5008
-6742
-8443
-10148
-11818
-13496
-15099
-16693
-18234
-19701
-21185
-22570
-23872
-25178
-26439
-27616
-28675
-29700
-30691
-31565
-32346
-32768
-32768
-32768
-32768
-32768
-32768
-32768
-32768
-32768
-32768
-32768
-32768
-32768
-32768
-32768
-32768
-32768
-32662
-31898
-31030
-30105
-29126
-28045
-26931
-25742
-24465
-23120
-21765
-20319
-18854
-17350
-15773
-14184
-12545
-10867
-9186
-7509
-5773
-4000
-2250
-505
1262
2986
4716
6459
8166
9904
11557
13212
14845
16404
17922
19433
20890
22273
23643
24935
26136
27292
28397
29423
30359
31246
32080
32767
32767
32767
32767
32767
32767
32767
32767
32767
32767
32767
32767
32767
32767
32767
32767
32767
32496
31719
30850
29915
28951
27884
26749
25537
24286
22979
21566
20171
18652
17141
15585
13978
12326
10651
8972
7269
5515
3771
2057
274
-1463
-3274
-5005
-6751
-8449
-10154
-11844
-13481
-15081
-16685
-18209
-19716
-21141
-22579
-23886
-25218
-26414
-27588
-28680
-29729
-30677
-31558
-32375
-32768
-32768
-32768
-32768
-32768
-32768
-32768
-32768
-32768
-32768
-32768
-32768
-32768
-32768
-32768
-32768
-32768
-32635
-31844
-31038
-30065
-29113
-28033
-26897
-25734
-24390
-23113
-21742
-20298
-18821
-17324
-15767
-14163
-12548
-10854
-9196
-7489
-5745
-4020
-2256
-486
1241
2987
4737
6478
8170
9869
11567
13211
14848
16391
17919
19439
20892
22272
23640
24919
26133
27299
28387
29415
30358
31257
32073
32767
32767
32767
32767
32767
32767
32767
32767
32767
32767
32767
32767
32767
32767
32767
32767
32767
32447
31713
30844
29920
28955
27851
26734
25558
24291
22973
21572
20136
18648
17131
15575
13962
12326
10700
8977
7259
5508
3788
2049
277
-1459
-3234
-4994
-6738
-8466
-10168
-11828
-13516
-15103
-16689
-18191
-19706
-21140
-22536
-23909
-25185
-26426
-27580
-28705
-29745
-30686
-31577
-32366
-32768
-32768
-32768
-32768
-32768
-32768
-32768
-32768
-32768
-32768
-32768
-32768
-32768
-32768
-32768
-32768
-32768
-32673
-31881
-31062
-30132
-29123
-28038
-26887
-25731
-24457
-23125
-21763
-20326
-18869
-17324
-15740
-14190
-12546
-10871
-9209
-7493
-5754
-3991
-2237
-509
1255
3031
4778
6482
8200
9940
11577
13227
14835
16384
17907
19439
20898
22278
23639
24925
26141
27294
28407
29434
30376
31264
32061
32767
32767
32767
32767
32767
32767
32767
32767
32767
32767
32767
32767
32767
32767
32767
32767
32767
32487
31692
30865
29941
28942
27881
26743
25546
24260
22976
21566
20169
18684
17146
15573
13974
12328
10682
8982
7239
5544
3788
2008
271
-1485
-3252
-5020
-6744
-8445
-10165
-11844
-13471
-15091
-16688
-18225
-19694
-21173
-22564
-23884
-25199
-26398
-27588
-28661
-29742
-30661
-31552
-32339
-32768
-32768
-32768
-32768
-32768
-32768
-32768
-32768
-32768
-32768
-32768
-32768
-32768
-32768
-32768
-32768
-32768
-32648
-31903
-31049
-30100
-29120
-28080
-26926
-25693
-24441
-23119
-21750
-20335
-18861
-17337
-15753
-14162
-12543
-10898
-9184
-7483
-5741
-3992
-2256
-507
1263
2987
4728
6476
8202
9885
11557
13213
14845
16403
17952
19434
20914
22282
23619
24920
26154
27281
28418
29407
30361
31261
32073
32767
32767
32767
32767
32767
32767
32767
32767
32767
32767
32767
32767
32767
32767
32767
32767
32767
32481
31693
30847
29930
28937
27843
26739
25520
24286
22981
21545
20141
18667
17131
15577
13992
12337
10664
8983
7266
5508
3781
2051
258
-1464
-3287
-4976
-6731
-8433
-10171
-11848
-13474
-15114
-16671
-18244
-19665
-21155
-22568
-23866
-25206
-26430
-27602
-28672
-29732
-30692
-31540
-32354
-32768
-32768
-32768
-32768
-32768
-32768
-32768
-32768
-32768
-32768
-32768
-32768
-32768
-32768
-32768
-32768
-32768
-32624
-31882
-31031
-30113
-29101
-28021
-26912
-25737
-24451
-23102
-21749
-20320
-18849
-17343
-15745
-14150
-12517
-10869
-9191
-7507
-5764
-3996
-2260
-509
1259
2994
4761
6491
8212
9909
11564
13225
14846
16416
17919
19433
20898
22264
23629
24915
26133
27291
28381
29410
30383
31255
32065
32767
32767
32767
32767
32767
32767
32767
32767
32767
32767
32767
32767
32767
32767
32767
32767
32767
32458
31701
30851
29918
28953
27878
26740
25530
24282
22952
21588
20136
18641
17136
15577
13984
12319
10688
8974
7232
5525
3788
2055
281
-1457
-3244
-4993
-6727
-8447
-10150
-11830
-13453
-15115
-16678
-18203
-19719
-21182
-22544
-23888
-25207
-26412
-27576
-28706
-29689
-30638
-31547
-32353
-32768
-32768
-32768
-32768
-32768
-32768
-32768
-32768
-32768
-32768
-32768
-32768
-32768
-32768
-32768
-32768
-32768
-32634
-31898
-31039
-30082
-29097
-28072
-26933
-25717
-24449
-23139
-21743
-20301
-18823
-17323
-15762
-14200
-12512
-10870
-9180
-7488
-5765
-4007
-2240
-523
1260
2995
4727
6492
8197
9887
11571
13217
14832
16388
17934
19428
20879
22265
23628
24922
26116
27297
28408
29409
30363
31265
32044
32767
32767
32767
32767
32767
32767
32767
32767
32767
32767
32767
32767
32767
32767
32767
32767
32767
32488
31718
30822
29927
28964
27893
26727
25536
24279
22974
21574
20163
18675
17139
15593
13961
12317
10693
9000
7272
5538
3796
2046
259
-1488
-3253
-4985
-6703
-8467
-10132
-11817
-13487
-15097
-16680
-18203
-19714
-21178
-22571
-23909
-25198
-26399
-27593
-28693
-29701
-30676
-31535
-32380
-32768
-32768
-32768
-32768
-32768
-32768
-32768
-32768
-32768
-32768
-32768
-32768
-32768
-32768
-32768
-32768
-32768
-32654
-31893
-31021
-30094
-29123
-28033
-26922
-25733
-24437
-23149
-21753
-20305
-18861
-17324
-15773
-14181
-12523
-10897
-9228
-7448
-5721
-4004
-2235
-510
1247
2978
4769
6433
8243
9869
11588
13191
14850
16389
17914
19435
20878
22283
23612
24927
26135
27312
28387
29432
30385
31232
32072
32767
32767
32767
32767
32767
32767
32767
32767
32767
32767
32767
32767
32767
32767
32767
32767
32767
32482
31710
30881
29947
28955
27869
26741
25558
24293
22959
21576
20149
18661
17168
15572
13986
12340
10653
8987
7255
5514
