-32768
-32768
-32768
-32768
-32768
-32768
-32768
-32768
-32768
-32768
-32768
-32701
-31932
-31076
-30171
-29198
-28110
-27009
-25833
-24594
-23238
-21889
-20453
-19010
-17494
-15974
-14404
-12770
-11162
-9476
-7754
-6053
-4311
-2613
-858
898
2613
4317
6039
7759
9422
11088
12694
14317
15901
17415
18855
20328
21699
23022
24336
25540
26670
27771
28799
29761
30593
31392
32140
32767
32767
32767
32767
32767
32767
32767
32767
32767
32767
32767
32767
32767
32767
32767
32508
31845
31063
30209
29339
28341
27275
26159
24975
23735
22385
21067
19608
18168
16675
15091
13525
11899
10238
8602
6898
5144
3433
1719
-51
-1781
-3515
-5242
-6977
-8672
-10375
-12051
-13689
-15263
-16860
-18361
-19847
-21274
-22647
-23944
-25307
-26489
-27637
-28726
-29744
-30660
-31582
-32329
-32768
-32768
-32768
-32768
-32768
-32768
-32768
-32768
-32768
-32768
-32768
-32768
-32768
-32768
-32768
-32768
-32768
-32692
-31921
-31074
-30181
-29189
-28106
-26978
-25800
-24560
-23241
-21886
-20458
-19028
-17524
-15988
-14387
-12777
-11154
-9448
-7792
-6062
-4334
-2591
-846
868
2616
4332
6063
7775
9434
11086
12721
14334
15892
17397
18877
20312
21711
23020
24339
25546
26653
27747
28795
29734
30596
31424
32136
32767
32767
32767
32767
32767
32767
32767
32767
32767
32767
32767
32767
32767
32767
32767
32510
31813
31071
30238
29303
28331
27279
26164
24984
23734
22403
21037
19635
18188
16673
15091
13528
11902
10270
8611
6860
5183
3446
1712
-17
-1771
-3560
-5275
-6989
-8657
-10379
-12015
-13689
-15273
-16835
-18377
-19842
-21271
-22661
-23979
-25283
-26479
-27674
-28732
-29745
-30701
-31558
-32386
-32768
-32768
-32768
-32768
-32768
-32768
-32768
-32768
-32768
-32768
-32768
-32768
-32768
-32768
-32768
-32768
-32768
-32697
-31918
-31057
-30170
-29165
-28137
-27007
-25839
-24580
-23255
-21898
-20472
-19015
-17512
-15974
-14392
-12773
-11143
-9472
-7760
-6045
-4342
-2610
-839
869
2606
4355
6052
7721
9470
11084
12728
14355
15882
17413
18887
20357
21689
23035
24317
25553
26703
27779
28799
29721
30629
31410
32139
32767
32767
32767
32767
32767
32767
32767
32767
32767
32767
32767
32767
32767
32767
32767
32544
31850
31060
30245
29324
28336
27284
26174
24978
23731
22395
21034
19626
18152
16680
15129
13532
11898
10262
8585
6862
5153
3430
1686
-50
-1783
-3535
-5250
-6978
-8679
-10385
-12017
-13681
-15285
-16829
-18343
-19855
-21288
-22654
-23966
-25288
-26482
-27660
-28723
-29755
-30687
-31581
-32368
-32768
-32768
-32768
-32768
-32768
-32768
-32768
-32768
-32768
-32768
-32768
-32768
-32768
-32768
-32768
-32768
-32768
-32678
-31901
-31074
-30137
-29214
-28129
-26986
-25823
-24568
-23282
-21901
-20479
-19029
-17529
-15968
-14412
-12794
-11140
-9464
-7784
-6039
-4342
-2602
-865
898
2590
4342
6092
7754
9433
11097
12725
14327
15880
17420
18891
20315
21696
23037
24316
25513
26668
27769
28801
29729
30597
31384
32120
32767
32767
32767
32767
32767
32767
32767
32767
32767
32767
32767
32767
32767
32767
32767
32522
31825
31059
30202
29320
28305
27257
26139
24980
23748
22425
21048
19633
18166
16648
15113
13531
11932
10225
8570
6873
5163
3440
1679
-36
-1787
-3535
-5268
-6964
-8680
-10338
-12025
-13647
-15245
-16827
-18362
-19819
-21272
-22662
-23965
-25265
-26483
-27624
-28718
-29743
-30691
-31559
-32336
-32768
-32768
-32768
-32768
-32768
-32768
-32768
-32768
-32768
-32768
-32768
-32768
-32768
-32768
-32768
-32768
-32768
-32678
-31919
-31072
-30190
-29182
-28103
-26990
-25838
-24545
-23264
-21908
-20466
-19022
-17545
-15970
-14397
-12767
-11136
-9459
-7774
-6040
-4347
-2571
-872
875
2596
4334
6063
7761
9451
11084
12737
14311
15897
17410
18877
20327
21701
23029
24328
25524
26702
27752
28773
29719
30617
31413
32132
32767
32767
32767
32767
32767
32767
32767
32767
32767
32767
32767
32767
32767
32767
32767
32493
31853
31060
30240
29310
28332
27287
26167
24983
23727
22405
21059
19635
18183
16695
15141
13516
11911
10259
8570
6886
5146
3449
1690
-28
-1787
-3536
-5270
-6985
-8706
-10372
-12048
-13654
-15253
-16825
-18339
-19851
-21278
-22660
-23980
-25295
-26472
-27678
-28709
-29775
-30696
-31563
-32362
-32768
-32768
-32768
-32768
-32768
-32768
-32768
-32768
-32768
-32768
-32768
-32768
-32768
-32768
-32768
-32768
-32768
-32697
-31934
-31088
-30167
-29154
-28130
-26999
-25823
-24545
-23271
-21872
-20485
-19019
-17552
-15975
-14405
-12759
-11156
-9468
-7756
-6048
-4337
-2598
-845
851
2600
4355
6057
7758
9456
11091
12742
14318
15910
17417
18884
20341
21718
23024
24289
25538
26684
27774
28803
29729
30609
31420
32136
32767
32767
32767
32767
32767
32767
32767
32767
32767
32767
32767
32767
32767
32767
32767
32520
31839
31071
30234
29294
28343
27273
26161
24976
23738
22421
21057
19636
18153
16686
15136
13502
11905
10246
8606
6892
5159
3456
1695
-54
-1770
-3529
-5254
-6979
-8699
-10401
-12036
-13684
-15270
-16837
-18339
-19823
-21278
-22642
-23999
-25275
-26508
-27668
-28723
-29744
-30693
-31534
-32367
-32768
-32768
-32768
-32768
-32768
-32768
-32768
-32768
-32768
-32768
-32768
-32768
-32768
-32768
-32768
-32768
-32768
-32699
-31930
-31089
-30168
-29186
-28120
-26988
-25820
-24576
-23279
-21895
-20501
-19037
-17520
-15971
-14417
-12757
-11127
-9484
-7745
-6060
-4339
-2595
-882
858
2599
4355
6046
7756
9444
11101
12727
14347
15891
17430
18875
20307
21700
23034
24304
25551
26697
27778
28790
29727
30609
31428
32139
32767
32767
32767
32767
32767
32767
32767
32767
32767
32767
32767
32767
32767
32767
32767
32522
31855
31066
30230
29326
28336
27259
26164
24989
23720
22391
21043
19646
18190
16668
15116
13526
11932
10268
8594
6867
5167
3448
1711
-30
-1780
-3534
-5256
-6972
-8707
-10383
-12016
-13686
-15275
-16837
-18374
-19844
-21263
-22645
-23977
-25285
-26498
-27654
-28715
-29762
-30692
-31575
-32384
-32768
-32768
-32768
-32768
-32768
-32768
-32768
-32768
-32768
-32768
-32768
-32768
-32768
-32768
-32768
-32768
-32768
-32713
-31927
-31081
-30132
-29180
-28103
-26974
-25819
-24567
-23222
-21898
-20481
-19048
-17500
-15979
-14387
-12764
-11127
-9459
-7765
-6036
-4337
-2599
-857
876
2601
4339
6063
7764
9436
11071
12754
14346
15881
17427
18882
20335
21702
23031
24322
25534
26676
27768
28788
29727
30609
31423
32139
32767
32767
32767
32767
32767
32767
32767
32767
32767
32767
32767
32767
32767
32767
32767
32520
31833
31068
30219
29302
28328
27289
26173
24994
23749
22437
21046
19628
18166
16655
15106
13520
11921
10249
8584
6878
5171
3431
1697
-29
-1787
-3511
-5259
-6981
-8680
-10380
-12027
-13686
-15279
-16828
-18338
-19839
-21288
-22636
-23985
-25286
-26485
-27662
-28735
-29755
-30699
-31570
-32380
-32768
-32768
-32768
-32768
-32768
-32768
-32768
-32768
-32768
-32768
-32768
-32768
-32768
-32768
-32768
-32768
-32768
-32692
-31944
-31078
-30144
-29184
-28097
-27018
-25843
-24580
-23281
-21913
-20502
-19012
-17539
-15949
-14404
-12776
-11157
-9482
-7774
-6042
-4323
-2579
-854
867
2634
4360
6046
7751
9450
11118
12732
14346
15902
17441
18891
20330
21712
23040
24312
25529
26694
27769
28804
29727
30594
31435
32143
32767
32767
32767
32767
32767
32767
32767
32767
32767
32767
32767
32767
32767
32767
32767
32519
31833
31065
30257
29305
28355
27275
26160
24993
23726
22412
21041
19629
18191
16673
15107
13557
11918
10262
8575
6875
5155
3417
1677
-58
-1758
-3508
-5241
-6988
-8707
-10374
-12031
-13661
-15294
-16814
-18379
-19834
-21294
-22679
-23990
-25285
-26492
-27651
-28765
-29771
-30712
-31570
-32363
-32768
-32768
-32768
-32768
-32768
-32768
-32768
-32768
-32768
-32768
-32768
-32768
-32768
-32768
-32768
-32768
-32768
-32720
-31913
-31099
-30194
-29178
-28143
-27006
-25837
-24553
-23245
-21895
-20507
-19029
-17554
-15947
-14405
-12776
-11139
-9461
-7776
-6053
-4359
-2612
-842
849
2587
4346
6051
7731
9457
11086
12743
14321
15887
17405
18886
20312
21684
23036
24335
25553
26687
27767
28780
29738
30607
31408
32134
32767
32767
32767
32767
32767
32767
32767
32767
32767
32767
32767
32767
32767
32767
32767
32528
31817
31076
30239
29337
28353
27299
26176
24961
23732
22398
21058
19602
18157
16668
15125
13519
11898
10274
8558
6867
5137
3445
1707
-23
-1767
-3531
-5265
-6989
-8667
-10383
-12017
-13681
-15245
-16846
-18358
-19848
-21313
-22653
-23994
-25290
-26478
-27652
-28761
-29750
-30705
-31540
-32342
-32768
-32768
-32768
-32768
-32768
-32768
-32768
-32768
-32768
-32768
-32768
-32768
-32768
-32768
-32768
-32768
-32768
-32700
-31920
-31071
-30161
-29198
-28108
-27003
-25844
-24553
-23239
-21872
-20477
-19014
-17512
-15981
-14375
-12796
-11162
-9476
-7756
-6057
-4335
-2601
-847
893
2614
4343
6061
7744
9429
11096
12714
14313
15902
17407
18885
20331
21707
23044
24333
25513
26663
27744
28788
29720
30578
31420
32132
32767
32767
32767
32767
32767
32767
32767
32767
32767
32767
32767
32767
32767
32767
32767
32513
31816
31069
30238
29304
28331
27265
26144
24988
23750
22418
21027
19615
18167
16657
15105
13519
11908
10270
8600
6881
5178
3446
1709
-32
-1773
-3530
-5273
-6985
-8658
-10381
-12017
-13684
-15256
-16817
-18366
-19826
-21267
-22658
-23974
-25277
-26492
-27667
-28701
-29746
-30692
-31580
-32354
-32768
-32768
-32768
-32768
-32768
-32768
-32768
-32768
-32768
-32768
-32768
-32768
-32768
-32768
-32768
-32768
-32768
-32672
-31932
-31072
-30158
-29175
-28112
-27017
-25857
-24561
-23259
-21917
-20476
-18990
-17515
-15967
-14388
-12808
-11164
-9472
-7749
-6062
-4369
-2612
-882
860
2593
4366
6076
7754
9432
11100
12732
14330
15858
17410
18886
20313
21730
23033
24310
25527
26671
27772
28804
29721
30607
31410
32138
32767
32767
32767
32767
32767
32767
32767
32767
32767
32767
32767
32767
32767
32767
32767
32522
31812
31074
30234
29315
28331
27287
26169
24968
23721
22389
21025
19631
18146
16655
15138
13519
11904
10226
8558
6870
5157
3444
1701
-60
-1765
-3531
-5238
-6986
-8682
-10364
-12054
-13652
-15250
-16818
-18361
-19832
-21251
-22662
-23986
-25291
-26466
-27659
-28690
-29734
-30715
-31558
-32362
-32768
-32768
-32768
-32768
-32768
-32768
