-28096
-29207
-30223
-31127
-32036
-32768
-32768
-32768
-32768
-32768
-32768
-32768
-32768
-32768
-32768
-32768
-32768
-32768
-32768
-32768
-32768
-32768
-32768
-32768
-32367
-31523
-30619
-29628
-28596
-27467
-26285
-25028
-23750
-22402
-20989
-19557
-18039
-16533
-14939
-13335
-11718
-10053
-8391
-6680
-4949
-3233
-1502
207
1917
3634
5351
7032
8717
10366
12001
13575
15121
16628
18104
19515
20893
22218
23480
24680
25810
26900
27920
28847
29720
30527
31250
31892
32433
32767
32767
32767
32767
32767
32767
32767
32767
32767
32767
32767
32723
32218
31617
30924
30162
29327
28430
27435
26403
25287
24112
22885
21568
20207
18833
17335
15862
14325
12732
11133
9475
7860
6174
4470
2711
1005
-721
-2470
-4180
-5902
-7572
-9291
-10954
-12611
-14243
-15816
-17361
-18886
-20349
-21800
-23145
-24484
-25769
-26948
-28104
-29174
-30216
-31140
-31989
-32768
-32768
-32768
-32768
-32768
-32768
-32768
-32768
-32768
-32768
-32768
-32768
-32768
-32768
-32768
-32768
-32768
-32768
-32768
-32337
-31511
-30580
-29628
-28565
-27479
-26288
-25018
-23769
-22371
-20978
-19524
-18040
-16503
-14945
-13337
-11729
-10066
-8344
-6638
-4946
-3245
-1489
219
1911
3675
5345
7035
8721
10345
11975
13592
15100
16601
18090
19507
20870
22216
23469
24682
25807
26877
27916
28843
29711
30502
31225
31878
32418
32767
32767
32767
32767
32767
32767
32767
32767
32767
32767
32767
32706
32208
31600
30909
30161
29315
28422
27456
26400
25297
24086
22870
21564
20221
18798
17348
15888
14322
12759
11149
9509
7837
6157
4434
2705
1015
-723
-2448
-4166
-5893
-7600
-9328
-10976
-12606
-14250
-15834
-17369
-18909
-20359
-21758
-23128
-24518
-25772
-27005
-28088
-29199
-30183
-31131
-32008
-32768
-32768
-32768
-32768
-32768
-32768
-32768
-32768
-32768
-32768
-32768
-32768
-32768
-32768
-32768
-32768
-32768
-32768
-32768
-32331
-31518
-30628
-29608
-28564
-27482
-26301
-25057
-23739
-22393
-20988
-19547
-18065
-16520
-14953
-13336
-11710
-10030
-8361
-6676
-4950
-3224
-1543
235
1920
3638
5339
7050
8699
10368
11963
13589
15115
16631
18101
19507
20891
22216
23467
24671
25826
26891
27919
28832
29722
30526
31237
31875
32431
32767
32767
32767
32767
32767
32767
32767
32767
32767
32767
32767
32706
32197
31576
30898
30147
29348
28443
27455
26410
25285
24137
22891
21569
20214
18819
17345
15877
14337
12745
11142
9504
7842
6162
4447
2747
980
-710
-2445
-4165
-5878
-7600
-9290
-10969
-12607
-14224
-15817
-17377
-18896
-20366
-21770
-23161
-24465
-25766
-26978
-28107
-29168
-30190
-31139
-32004
-32768
-32768
-32768
-32768
-32768
-32768
-32768
-32768
-32768
-32768
-32768
-32768
-32768
-32768
-32768
-32768
-32768
-32768
-32768
-32355
-31502
-30598
-29611
-28592
-27468
-26263
-25040
-23724
-22401
-21004
-19570
-18038
-16512
-14941
-13340
-11716
-10041
-8360
-6658
-4955
-3253
-1524
202
1936
3660
5354
7039
8675
10343
12006
13551
15135
16612
18074
19503
20861
22213
23456
24695
25802
26915
27932
28827
29711
30521
31219
31867
32417
32767
32767
32767
32767
32767
32767
32767
32767
32767
32767
32767
32691
32185
31581
30918
30159
29332
28441
27450
26418
25290
24131
22871
21566
20225
18795
17337
15860
14324
12743
11144
9502
7868
6162
4456
2725
992
-713
-2443
-4168
-5872
-7601
-9294
-10980
-12600
-14259
-15809
-17381
-18909
-20351
-21770
-23155
-24486
-25747
-26969
-28117
-29184
-30195
-31136
-31992
-32768
-32768
-32768
-32768
-32768
-32768
-32768
-32768
-32768
-32768
-32768
-32768
-32768
-32768
-32768
-32768
-32768
-32768
-32768
-32354
-31522
-30608
-29642
-28590
-27458
-26258
-25041
-23759
-22363
-20984
-19523
-18037
-16502
-14952
-13329
-11707
-10046
-8381
-6654
-4969
-3242
-1514
235
1934
3649
5366
7062
8716
10389
12009
13574
15093
16658
18118
19497
20889
22214
23467
24695
25834
26905
27905
28843
29734
30502
31231
31863
32434
32767
32767
32767
32767
32767
32767
32767
32767
32767
32767
32767
32715
32214
31615
30918
30154
29323
28448
27470
26397
25279
24138
22875
21584
20211
18825
17349
15858
14340
12754
11138
9506
7835
6159
4461
2695
1038
-731
-2411
-4158
-5894
-7598
-9296
-10985
-12612
-14229
-15833
-17349
-18909
-20372
-21760
-23164
-24499
-25773
-26953
-28112
-29209
-30190
-31118
-31997
-32768
-32768
-32768
-32768
-32768
-32768
-32768
-32768
-32768
-32768
-32768
-32768
-32768
-32768
-32768
-32768
-32768
-32768
-32768
-32361
-31540
-30627
-29640
-28586
-27490
-26277
-25052
-23775
-22373
-21002
-19577
-18048
-16511
-14945
-13339
-11720
-10059
-8371
-6673
-4964
-3218
-1547
198
1917
3660
5364
7049
8710
10372
11977
13546
15109
16632
18077
19523
20906
22234
23482
24676
25834
26899
27911
28838
29706
30506
31242
31870
32458
32767
32767
32767
32767
32767
32767
32767
32767
32767
32767
32767
32695
32216
31603
30939
30166
29328
28458
27458
26393
25276
24136
22878
21562
20199
18799
17371
15866
14339
12754
11136
9506
7831
6146
4429
2730
1017
-706
-2429
-4171
-5854
-7628
-9288
-10960
-12617
-14209
-15817
-17399
-18892
-20342
-21761
-23164
-24508
-25745
-26950
-28115
-29195
-30194
-31140
-31982
-32768
-32768
-32768
-32768
-32768
-32768
-32768
-32768
-32768
-32768
-32768
-32768
-32768
-32768
-32768
-32768
-32768
-32768
-32768
-32354
-31527
-30587
-29613
-28527
-27470
-26272
-25041
-23747
-22370
-21009
-19535
-18050
-16496
-14924
-13352
-11701
-10058
-8350
-6688
-4962
-3249
-1541
200
1921
3649
5366
7048
8700
10378
11954
13560
15096
16619
18105
19511
20865
22219
23501
24655
25824
26870
27922
28844
29705
30495
31239
31864
32422
32767
32767
32767
32767
32767
32767
32767
32767
32767
32767
32767
32710
32188
31608
30899
30188
29322
28415
27432
26392
25261
24101
22863
21562
20223
18812
17332
15870
14316
12754
11150
9506
7828
6186
4423
2719
982
-718
-2443
-4170
-5874
-7619
-9284
-10952
-12650
-14236
-15853
-17368
-18905
-20362
-21779
-23145
-24459
-25744
-26945
-28098
-29182
-30203
-31108
-32022
-32768
-32768
-32768
-32768
-32768
-32768
-32768
-32768
-32768
-32768
-32768
-32768
-32768
-32768
-32768
-32768
-32768
-32768
-32768
-32333
-31497
-30606
-29635
-28577
-27468
-26284
-25049
-23712
-22365
-20964
-19544
-18022
-16521
-14985
-13325
-11714
-10037
-8360
-6651
-4951
-3246
-1541
224
1946
3639
5353
7048
8724
10348
11975
13553
15116
16596
18099
19508
20877
22223
23481
24668
25823
26901
27911
28858
29707
30510
31214
31845
32437
32767
32767
32767
32767
32767
32767
32767
32767
32767
32767
32767
32701
32192
31601
30908
30149
29325
28423
27433
26409
25279
24104
22865
21584
20225
18795
17354
15871
14328
12738
11128
9494
7851
6169
4451
2746
1000
-714
-2444
-4171
-5899
-7599
-9289
-10953
-12607
-14220
-15830
-17363
-18893
-20355
-21766
-23143
-24491
-25767
-26953
-28105
-29190
-30188
-31151
-32007
-32768
-32768
-32768
-32768
-32768
-32768
-32768
-32768
-32768
-32768
-32768
-32768
-32768
-32768
-32768
-32768
-32768
-32768
-32768
-32335
-31510
-30588
-29655
-28573
-27463
-26271
-25041
-23743
-22390
-20987
-19557
-18036
-16515
-14932
-13339
-11697
-10047
-8379
-6669
-4964
-3245
-1494
210
1930
3666
5353
7023
8724
10383
11993
13571
15119
16619
18095
19537
20881
22194
23484
24685
25843
26909
27916
28860
29713
30513
31248
31886
32440
32767
32767
32767
32767
32767
32767
32767
32767
32767
32767
32767
32730
32218
31611
30906
30155
29345
28426
27460
26398
25283
24135
22872
21558
20213
18805
17331
15871
14336
12787
11165
9520
7845
6159
4458
2730
1015
-703
-2452
-4173
-5892
-7581
-9281
-10995
-12654
-14236
-15848
-17392
-18912
-20362
-21766
-23168
-24473
-25776
-26958
-28098
-29179
-30192
-31153
-32006
-32768
-32768
-32768
-32768
-32768
-32768
-32768
-32768
-32768
-32768
-32768
-32768
-32768
-32768
-32768
-32768
-32768
-32768
-32768
-32343
-31499
-30595
-29641
-28605
-27456
-26287
-25056
-23726
-22403
-21006
-19545
-18071
-16502
-14978
-13317
-11710
-10066
-8377
-6695
-4958
-3244
-1499
189
1948
3655
5357
7055
8704
10364
11965
13591
15121
16616
18089
19517
20884
22204
23454
24687
25824
26895
27913
28849
29718
30504
31215
31878
32452
32767
32767
32767
32767
32767
32767
32767
32767
32767
32767
32767
32722
32203
31602
30912
30166
29349
28418
27434
26390
25286
24121
22866
21555
20225
18829
17346
15864
14326
12767
11140
9508
7829
6160
4432
2735
1010
-691
-2428
-4193
-5879
-7579
-9293
-10995
-12620
-14244
-15841
-17382
-18879
-20391
-21784
-23180
-24496
-25750
-26939
-28106
-29191
-30183
-31123
-32018
-32768
-32768
-32768
-32768
-32768
-32768
-32768
-32768
-32768
-32768
-32768
-32768
-32768
-32768
-32768
-32768
-32768
-32768
-32768
-32345
-31495
-30593
-29628
-28562
-27481
-26282
-25049
-23720
-22363
-20981
-19540
-18057
-16519
-14932
-13356
-11684
-10015
-8362
-6662
-4969
-3244
-1511
207
1927
3660
5341
7044
8706
10362
11953
13545
15109
16632
18071
19500
20868
22220
23459
24704
25816
26903
27937
28836
29711
30482
31238
31867
32435
32767
32767
32767
32767
32767
32767
32767
32767
32767
32767
32767
32705
32192
31565
30905
30150
29330
28438
27445
26412
25273
24109
22866
21572
20206
18810
17351
15864
14323
12771
11144
9508
7868
6142
4449
2726
1011
-721
-2445
-4179
-5886
-7612
-9288
-10953
-12610
-14240
-15856
-17411
-18889
-20384
-21758
-23149
-24506
-25769
-26983
-28130
-29203
-30210
-31140
-32001
-32768
-32768
-32768
-32768
-32768
-32768
-32768
-32768
-32768
-32768
-32768
-32768
-32768
-32768
-32768
-32768
-32768
-32768
-32768
-32365
-31535
-30613
-29642
-28538
-27463
-26299
-25026
-23752
-22400
-20993
-19548
-18028
-16520
-14966
-13378
-11706
-10053
-8337
-6659
-4950
-3235
-1489
210
1942
3630
5355
7055
8709
10352
11999
13571
15089
16607
18071
19507
20865
22224
23483
24688
25812
26878
27903
28842
29698
30517
31235
31851
32452
32767
32767
32767
32767
32767
32767
32767
32767
32767
32767
32767
32722
32186
31602
30916
30190
29328
28444
27454
26389
25300
24107
22894
21556
20238
18786
17393
15850
14328
12750
11144
9525
7818
6181
4464
2714
981
-702
-2441
-4175
-5896
-7594
-9298
-10952
-12613
-14248
-15819
-17397
-18896
-20333
-21791
-23139
-24483
-25770
-26978
