-22079
-23394
-24641
-25838
-26950
-28045
-29038
-29958
-30833
-31618
-32330
-32768
-32768
-32768
-32768
-32768
-32768
-32768
-32768
-32768
-32768
-32768
-32768
-32768
-32768
-32768
-32579
-31889
-31150
-30303
-29440
-28431
-27420
-26263
-25176
-23937
-22604
-21311
-19908
-18476
-17002
-15494
-13907
-12349
-10702
-9083
-7420
-5730
-4056
-2325
-645
1078
2777
4479
6125
7816
9496
11106
12715
14291
15810
17315
18739
20150
21526
22824
24083
25256
26401
27480
28480
29401
30255
31040
31745
32390
32767
32767
32767
32767
32767
32767
32767
32767
32767
32767
32767
32767
32767
32720
32140
31437
30690
29868
28990
28026
27003
25873
24712
23516
22162
20873
19427
18001
16509
15007
13457
11862
10217
8604
6928
5230
3535
1840
108
-1591
-3307
-5030
-6703
-8359
-10006
-11613
-13229
-14817
-16342
-17855
-19298
-20751
-22066
-23383
-24636
-25855
-26948
-28047
-29034
-29938
-30831
-31577
-32312
-32768
-32768
-32768
-32768
-32768
-32768
-32768
-32768
-32768
-32768
-32768
-32768
-32768
-32768
-32768
-32565
-31878
-31124
-30315
-29418
-28446
-27421
-26315
-25161
-23912
-22631
-21312
-19882
-18462
-16986
-15492
-13905
-12334
-10718
-9095
-7395
-5741
-4055
-2344
-649
1076
2738
4493
6164
7827
9487
11102
12730
14296
15797
17309
18758
20153
21539
22809
24089
25292
26414
27477
28499
29413
30280
31059
31758
32407
32767
32767
32767
32767
32767
32767
32767
32767
32767
32767
32767
32767
32767
32693
32147
31454
30701
29887
28998
28012
26993
25868
24725
23482
22185
20839
19464
17989
16539
14997
13446
11868
10248
8601
6944
5212
3546
1829
141
-1602
-3308
-5006
-6706
-8349
-10046
-11627
-13244
-14829
-16360
-17844
-19315
-20745
-22088
-23370
-24647
-25816
-26951
-28029
-29069
-29968
-30811
-31587
-32306
-32768
-32768
-32768
-32768
-32768
-32768
-32768
-32768
-32768
-32768
-32768
-32768
-32768
-32768
-32768
-32584
-31921
-31148
-30323
-29410
-28490
-27426
-26310
-25177
-23899
-22652
-21285
-19878
-18463
-17001
-15488
-13919
-12343
-10728
-9101
-7418
-5712
-4043
-2331
-661
1092
2755
4456
6178
7817
9464
11098
12732
14276
15809
17292
18767
20159
21516
22834
24098
25302
26405
27474
28501
29403
30270
31027
31776
32411
32767
32767
32767
32767
32767
32767
32767
32767
32767
32767
32767
32767
32767
32727
32137
31464
30707
29878
29008
28004
27007
25879
24724
23492
22165
20864
19454
18008
16531
15018
13444
11861
10233
8630
6925
5252
3545
1833
126
-1594
-3297
-5008
-6667
-8357
-10005
-11653
-13244
-14831
-16381
-17846
-19324
-20732
-22083
-23362
-24629
-25853
-26989
-28046
-29045
-29960
-30843
-31631
-32301
-32768
-32768
-32768
-32768
-32768
-32768
-32768
-32768
-32768
-32768
-32768
-32768
-32768
-32768
-32768
-32602
-31923
-31151
-30323
-29434
-28450
-27442
-26315
-25155
-23927
-22624
-21289
-19897
-18465
-17016
-15494
-13904
-12333
-10739
-9083
-7401
-5709
-4026
-2349
-637
1032
2749
4506
6142
7842
9458
11084
12722
14271
15813
17306
18752
20162
21532
22843
24109
25287
26419
27477
28467
29404
30290
31045
31763
32411
32767
32767
32767
32767
32767
32767
32767
32767
32767
32767
32767
32767
32767
32723
32141
31462
30711
29881
28989
28016
26961
25888
24708
23469
22166
20864
19441
18007
16548
14994
13449
11841
10247
8605
6929
5222
3537
1805
125
-1567
-3313
-4970
-6696
-8363
-9990
-11643
-13260
-14828
-16369
-17859
-19317
-20723
-22062
-23391
-24659
-25835
-26977
-28046
-29043
-29957
-30808
-31602
-32292
-32768
-32768
-32768
-32768
-32768
-32768
-32768
-32768
-32768
-32768
-32768
-32768
-32768
-32768
-32768
-32563
-31887
-31155
-30334
-29443
-28453
-27434
-26335
-25171
-23897
-22645
-21309
-19912
-18480
-17010
-15470
-13913
-12335
-10699
-9115
-7400
-5715
-4030
-2356
-635
1066
2768
4497
6125
7824
9467
11116
12710
14253
15815
17294
18738
20152
21509
22837
24081
25276
26398
27450
28475
29390
30249
31042
31793
32380
32767
32767
32767
32767
32767
32767
32767
32767
32767
32767
32767
32767
32767
32708
32112
31424
30688
29882
28976
27999
26970
25874
24744
23474
22163
20859
19443
18004
16548
14991
13435
11858
10266
8606
6944
5212
3516
1844
134
-1564
-3290
-5010
-6694
-8345
-10023
-11652
-13252
-14823
-16366
-17843
-19333
-20720
-22074
-23389
-24648
-25839
-26978
-28064
-29060
-29967
-30823
-31636
-32346
-32768
-32768
-32768
-32768
-32768
-32768
-32768
-32768
-32768
-32768
-32768
-32768
-32768
-32768
-32768
-32592
-31909
-31166
-30340
-29435
-28462
-27434
-26281
-25159
-23906
-22637
-21279
-19913
-18488
-17006
-15498
-13900
-12313
-10738
-9084
-7428
-5705
-4042
-2362
-636
1064
2759
4444
6135
7823
9496
11112
12731
14276
15800
17299
18773
20143
21526
22828
24083
25304
26398
27493
28488
29420
30270
31053
31766
32408
32767
32767
32767
32767
32767
32767
32767
32767
32767
32767
32767
32767
32767
32713
32146
31493
30704
29898
29021
28051
26988
25873
24722
23500
22190
20854
19449
18028
16536
14997
13449
11849
10225
8610
6955
5220
3532
1830
132
-1594
-3292
-4992
-6696
-8360
-10014
-11658
-13285
-14827
-16375
-17845
-19320
-20703
-22053
-23406
-24632
-25832
-26988
-28047
-29068
-29953
-30861
-31628
-32337
-32768
-32768
-32768
-32768
-32768
-32768
-32768
-32768
-32768
-32768
-32768
-32768
-32768
-32768
-32768
-32613
-31939
-31179
-30326
-29434
-28462
-27438
-26314
-25168
-23926
-22632
-21297
-19904
-18480
-17037
-15506
-13919
-12340
-10728
-9122
-7412
-5739
-4033
-2350
-634
1039
2770
4474
6150
7828
9476
11084
12727
14261
15821
17313
18776
20163
21540
22840
24115
25279
26419
27471
28488
29420
30279
31043
31755
32413
32767
32767
32767
32767
32767
32767
32767
32767
32767
32767
32767
32767
32767
32722
32138
31460
30704
29866
28990
28046
26980
25875
24706
23495
22184
20858
19475
18025
16556
15001
13425
11861
10247
8596
6922
5248
3546
1831
139
-1577
-3328
-5006
-6673
-8371
-9998
-11658
-13271
-14816
-16380
-17865
-19320
-20719
-22074
-23361
-24661
-25840
-26977
-28040
-29017
-29986
-30858
-31608
-32307
-32768
-32768
-32768
-32768
-32768
-32768
-32768
-32768
-32768
-32768
-32768
-32768
-32768
-32768
-32768
-32590
-31913
-31151
-30322
-29429
-28474
-27432
-26311
-25167
-23886
-22672
-21290
-19913
-18475
-16999
-15499
-13920
-12339
-10705
-9074
-7419
-5718
-4043
-2367
-652
1068
2766
4480
6151
7830
9464
11127
12700
14286
15834
17287
18731
20155
21510
22821
24073
25273
26399
27454
28476
29410
30242
31065
31770
32392
32767
32767
32767
32767
32767
32767
32767
32767
32767
32767
32767
32767
32767
32732
32127
31456
30717
29879
28987
28010
26998
25869
24707
23480
22186
20846
19463
18016
16548
15033
13465
11867
10229
8587
6918
5242
3533
1841
136
-1593
-3320
-4975
-6696
-8328
-10015
-11614
-13250
-14810
-16345
-17860
-19319
-20710
-22064
-23397
-24652
-25826
-26978
-28033
-29069
-29993
-30812
-31633
-32311
-32768
-32768
-32768
-32768
-32768
-32768
-32768
-32768
-32768
-32768
-32768
-32768
-32768
-32768
-32768
-32604
-31903
-31154
-30323
-29411
-28469
-27426
-26299
-25173
-23908
-22620
-21283
-19924
-18495
-17001
-15445
-13928
-12348
-10724
-9086
-7419
-5689
-4047
-2325
-627
1077
2775
4465
6153
7854
9474
11098
12725
14260
15797
17303
18760
20147
21539
22837
24101
25272
26415
27492
28493
29396
30278
31056
31761
32414
32767
32767
32767
32767
32767
32767
32767
32767
32767
32767
32767
32767
32767
32699
32150
31444
30690
29888
29003
28012
27012
25879
24749
23501
22180
20836
19448
17999
16518
15025
13451
11865
10246
8613
6920
5259
3541
1820
121
-1575
-3312
-5015
-6686
-8356
-9990
-11643
-13247
-14813
-16394
-17831
-19322
-20714
-22092
-23382
-24642
-25874
-26988
-28059
-29054
-29965
-30833
-31610
-32323
-32768
-32768
-32768
-32768
-32768
-32768
-32768
-32768
-32768
-32768
-32768
-32768
-32768
-32768
-32768
-32587
-31913
-31168
-30327
-29430
-28458
-27403
-26301
-25135
-23924
-22635
-21304
-19881
-18469
-16982
-15484
-13906
-12355
-10704
-9104
-7398
-5764
-4029
-2334
-640
1065
2772
4467
6174
7849
9473
11100
12708
14261
15799
17293
18753
20160
21517
22816
24109
25302
26417
27476
28498
29439
30268
31047
31733
32396
32767
32767
32767
32767
32767
32767
32767
32767
32767
32767
32767
32767
32767
32730
32111
31462
30727
29894
28978
28010
26994
25869
24699
23473
22205
20852
19430
18011
16526
15012
13451
11844
10246
8596
6936
5219
3538
1829
140
-1587
-3284
-4993
-6681
-8357
-9986
-11631
-13264
-14821
-16351
-17873
-19337
-20744
-22097
-23378
-24610
-25837
-27008
-28018
-29044
-29953
-30814
-31618
-32350
-32768
-32768
-32768
-32768
-32768
-32768
-32768
-32768
-32768
-32768
-32768
-32768
-32768
-32768
-32768
-32595
-31891
-31172
-30331
-29444
-28452
-27440
-26331
-25145
-23923
-22612
-21302
-19877
-18474
-17033
-15489
-13939
-12320
-10729
-9108
-7435
-5757
-4024
-2350
-654
1072
2778
4480
6146
7835
9479
11092
12703
14286
15816
17298
18751
20169
21537
22818
24084
25276
26425
27460
28504
29392
30259
31063
31753
32390
32767
32767
32767
32767
32767
32767
32767
32767
32767
32767
32767
32767
32767
32706
32118
31433
30727
29894
28990
28027
26992
25882
24714
23482
22187
20846
19440
18015
16547
14985
13452
11855
10262
8594
6923
5232
3529
1812
131
-1583
-3313
-5020
-6681
-8365
-10031
-11634
-13254
-14807
-16355
-17851
-19319
-20737
-22109
-23367
-24676
-25804
-26974
-28051
-29057
-29952
-30845
-31614
-32321
-32768
-32768
-32768
-32768
-32768
-32768
-32768
-32768
-32768
-32768
-32768
-32768
-32768
-32768
-32768
-32589
-31909
-31168
-30309
-29420
-28464
-27429
-26299
-25151
-23915
-22616
-21290
-19874
-18459
-16998
-15480
-13927
-12328
-10754
-9088
-7420
-5728
-4028
-2342
-648
1080
2744
4469
6135
7812
9463
11073
12712
14277
15789
17304
18755
20168
21500
22842
24107
25286
26401
27475
28497
29390
30254
31046
31737
32395
32767
32767
32767
32767
32767
32767
32767
32767
32767
32767
32767
32767
32767
32738
32115
31453
30694
29895
28987
28031
26953
25849
24710
23486
22217
20861
19462
18011
16541
15007
13456
11880
10247
8610
6952
5214
3524
1829
153
-1590
-3319
-4985
-6672
-8347
-10008
-11661
-13261
-14833
-16359
-17866
-19312
-20721
